m = 1000;
b = 10;
Kp = 5.46;
Ki = 0;
Kd = 0;

% ACC
a = 600;
g = 9.81;
alpha = 20*pi/180;